# Created by Octave 7.2.0, Fri Oct 21 23:02:02 2022 GMT <unknown@ASUSPRIMEB250ET>
# name: V_rounded
# type: matrix
# rows: 4
# columns: 8
 166072 155693 145313 134934 124554 114175 103795 93416
 83036 72657 62277 51898 41518 31139 20759 10380
 0 11071 22143 33214 44286 55357 66429 77500
 88572 99643 110715 121786 132858 143929 155001 166072


