# Created by Octave 7.2.0, Mon Sep 05 22:41:04 2022 GMT <unknown@ASUSPRIMEB250ET>
# name: V_rounded
# type: matrix
# rows: 4
# columns: 8
 21475 20133 18790 17448 16106 14764 13422 12080
 10737 9395 8053 6711 5369 4027 2684 1342
 0 1432 2863 4295 5727 7158 8590 10022
 11453 12885 14317 15748 17180 18612 20043 21475


